==== SOLVED ====
Board: puzzles/easy/3.puz
[2, 4, 5] [3, 8, 9] [7, 6, 1]
[7, 8, 1] [5, 2, 6] [9, 4, 3]
[9, 3, 6] [4, 7, 1] [2, 5, 8]

[5, 2, 7] [9, 4, 8] [3, 1, 6]
[3, 1, 4] [6, 5, 2] [8, 9, 7]
[6, 9, 8] [1, 3, 7] [5, 2, 4]

[4, 7, 3] [2, 1, 5] [6, 8, 9]
[1, 5, 9] [8, 6, 3] [4, 7, 2]
[8, 6, 2] [7, 9, 4] [1, 3, 5]


Power Usage History:

192.168.1.104 -- [1.2, 1.2, 1.2, 1.2, 3.3000002, 21.3, 39.3, 58.0, 60.7, 63.4, 66.799995]


Total Power Used: 84.799995

Total Messages Passed: 1

==== FINAL PROCESS STATS ====
Data:   192.168.1.104
WCET:   3960
Frequency:  6474
Utilization:  0.61167747
Scheduled: 2
Pre-Empted: 0

Ending: 192.168.1.104
