==== SOLVED ====
Board: puzzles/easy/3.puz
[2, 4, 5] [3, 8, 9] [7, 6, 1]
[7, 8, 1] [5, 2, 6] [9, 4, 3]
[9, 3, 6] [4, 7, 1] [2, 5, 8]

[5, 2, 7] [9, 4, 8] [3, 1, 6]
[3, 1, 4] [6, 5, 2] [8, 9, 7]
[6, 9, 8] [1, 3, 7] [5, 2, 4]

[4, 7, 3] [2, 1, 5] [6, 8, 9]
[1, 5, 9] [8, 6, 3] [4, 7, 2]
[8, 6, 2] [7, 9, 4] [1, 3, 5]


Power Usage History:

192.168.1.127 -- [1.2, 1.2, 1.2, 1.2, 1.2, 1.2, 1.2, 1.2, 1.2, 2.6000001, 4.1000004, 5.6000004, 7.1000004, 8.6, 10.1, 11.6, 13.1, 14.6, 16.1, 17.6, 32.800003, 44.300003, 55.800003, 67.3, 77.8, 89.5, 91.0, 92.5, 94.0, 95.5, 97.0, 98.5, 118.19992, 179.79971, 181.29971, 182.79971, 186.6997, 188.1997, 189.6997, 191.1997, 192.6997, 194.1997, 195.6997, 200.7997, 204.69969, 209.79968, 215.59967, 236.29967, 251.99966, 266.19968, 280.49973, 281.99973, 302.40005, 303.90005, 309.0001, 310.5001, 312.0001, 313.5001, 315.0001, 316.5001, 318.0001, 319.5001, 321.0001, 322.5001, 324.0001, 325.5001, 327.0001, 328.5001, 330.0001, 331.5001, 333.0001, 338.80014, 357.70016]
192.168.1.104 -- [1.2, 1.2, 1.2, 1.2, 1.2, 1.2, 1.2, 1.2, 1.2, 1.2, 27.8, 36.8, 45.8, 56.0, 57.2, 58.4, 59.600002, 60.800003, 62.700005, 71.700005, 81.200005, 91.6, 113.89991, 118.6999, 123.499886, 125.89988, 130.19986, 142.19986, 152.69986, 162.19986, 172.39986, 173.59985, 174.79985, 175.99985, 194.69977, 196.59976, 204.59976, 214.99976, 223.69975, 224.89975, 226.09975, 227.29974, 228.49974, 230.39973, 241.99973, 252.39972, 263.99976, 276.2998, 292.00006, 300.7002, 307.3003, 312.10034, 314.00037, 335.50037, 343.50037, 355.8004, 357.00043, 358.20044, 359.40045, 360.60046, 362.5005, 370.5005, 378.5005, 386.5005, 395.2005, 396.4005, 397.60052, 398.80054, 400.00055, 401.90057, 409.90057, 417.90057, 430.20062, 442.90082, 456.00104, 457.20105, 458.40106, 460.3011]


Total Power Used: 847.5012

Total Messages Passed: 310

==== FINAL PROCESS STATS ====
Data:   192.168.1.127
WCET:   4370
Frequency:  18003
Utilization:  0.24273732
Scheduled: 6
Pre-Empted: 5

Data:   192.168.1.104
WCET:   3120
Frequency:  8310
Utilization:  0.37545127
Scheduled: 9
Pre-Empted: 0

Ending: 192.168.1.127
Ending: 192.168.1.104
