==== SOLVED ====
Board: puzzles/easy/3.puz
[2, 4, 5] [3, 8, 9] [7, 6, 1]
[7, 8, 1] [5, 2, 6] [9, 4, 3]
[9, 3, 6] [4, 7, 1] [2, 5, 8]

[5, 2, 7] [9, 4, 8] [3, 1, 6]
[3, 1, 4] [6, 5, 2] [8, 9, 7]
[6, 9, 8] [1, 3, 7] [5, 2, 4]

[4, 7, 3] [2, 1, 5] [6, 8, 9]
[1, 5, 9] [8, 6, 3] [4, 7, 2]
[8, 6, 2] [7, 9, 4] [1, 3, 5]


Power Usage History:

192.168.1.104 -- [1.2, 1.2, 1.2, 1.2, 1.2, 1.2, 1.2, 1.2, 1.2, 1.2, 1.2, 1.2, 1.2, 1.2, 1.2, 1.2, 2.6000001, 47.50003, 51.100033, 54.700035, 72.60004, 90.70003, 107.500015, 124.0, 125.2, 126.399994, 145.39992, 148.99991, 150.1999, 153.7999, 154.9999, 156.19989, 157.39989, 158.59988, 159.79988, 160.99988, 164.59987, 169.39986, 171.29985, 193.79985]
192.168.1.127 -- [1.2, 1.2, 1.2, 1.2, 1.2, 1.2, 1.2, 1.2, 1.2, 1.2, 1.2, 1.2, 1.2, 1.2, 31.8, 45.2, 57.600002, 70.7, 107.29985, 119.199814, 129.69978, 131.19978, 132.69978, 134.89978, 158.29977, 170.69977, 180.69977, 193.79976, 195.29976, 196.79976, 198.29976, 199.79976, 201.99976, 211.99976, 224.39975, 237.99974, 268.99994, 284.50018, 286.00018, 287.50018, 289.00018, 291.2002, 313.7002]


Total Power Used: 536.50006

Total Messages Passed: 274

==== FINAL PROCESS STATS ====
Data:   192.168.1.104
WCET:   3031
Frequency:  12723
Utilization:  0.23822998
Scheduled: 4
Pre-Empted: 2

Data:   192.168.1.127
WCET:   3787
Frequency:  9038
Utilization:  0.41900864
Scheduled: 4
Pre-Empted: 0

Ending: 192.168.1.127
Ending: 192.168.1.104
