==== SOLVED ====
Board: puzzles/easy/3.puz
[2, 4, 5] [3, 8, 9] [7, 6, 1]
[7, 8, 1] [5, 2, 6] [9, 4, 3]
[9, 3, 6] [4, 7, 1] [2, 5, 8]

[5, 2, 7] [9, 4, 8] [3, 1, 6]
[3, 1, 4] [6, 5, 2] [8, 9, 7]
[6, 9, 8] [1, 3, 7] [5, 2, 4]

[4, 7, 3] [2, 1, 5] [6, 8, 9]
[1, 5, 9] [8, 6, 3] [4, 7, 2]
[8, 6, 2] [7, 9, 4] [1, 3, 5]


Power Usage History:

192.168.1.115 -- [0.5, 0.5, 1.2, 1.2, 1.2, 1.2, 1.2, 1.2, 1.2, 1.2, 1.2, 1.2, 1.2, 1.2, 1.2, 1.2, 1.2, 1.2, 1.2, 1.2, 1.2, 1.2, 1.2, 1.2, 1.2, 1.2, 1.2, 1.2, 1.2, 1.2, 1.2, 1.9000001, 2.5, 3.8, 15.6, 23.900003, 34.300007, 47.30002, 54.900024, 57.900024, 58.500023, 59.10002, 59.70002, 60.30002, 62.100018, 63.900017, 65.20001, 72.8, 80.399994, 88.69998, 94.19996, 94.79996, 95.399956, 95.999954, 100.39994, 100.99994, 101.59994, 103.59993, 106.79992, 121.999916, 136.99991]
192.168.1.127 -- [1.2, 1.2, 1.2, 1.2, 1.2, 1.2, 1.2, 1.2, 1.2, 1.2, 1.2, 1.2, 1.2, 1.2, 1.2, 1.2, 1.2, 1.2, 1.2, 1.2, 1.2, 1.2, 1.9000001, 3.5000002, 4.4, 5.3, 28.600012, 33.100014, 51.700016, 66.3, 70.49999, 71.399994, 72.299995, 73.2, 74.1, 80.19998, 84.89997, 85.79997, 89.09997, 89.99997, 93.299965, 96.09996, 111.79996, 112.69996, 113.59996, 115.899956, 116.79996, 117.69996, 121.39995, 126.09994, 126.99994, 136.59991, 142.69989, 144.99988, 146.59987]
192.168.1.104 -- [1.2, 1.2, 1.2, 1.2, 1.2, 1.2, 1.2, 1.2, 1.2, 1.2, 1.2, 1.2, 1.2, 1.2, 1.2, 1.2, 1.2, 1.2, 1.2, 1.2, 1.2, 1.2, 1.2, 1.2, 1.2, 1.2, 1.2, 1.2, 1.2, 1.2, 1.2, 1.2, 1.2, 2.6000001, 3.2000003, 3.8000002, 25.800001, 27.800003, 29.600004, 43.50002, 54.700027, 56.500027, 57.100025, 57.700024, 58.300022, 59.60002, 72.40001, 83.2, 87.899994, 88.49999, 89.09999, 90.89999, 98.499954, 99.09995, 99.69995, 104.99993, 105.59993, 106.19993, 107.49992, 115.49992, 126.99991, 130.3999, 133.0999, 133.6999, 134.29991, 139.0999, 139.6999, 140.29991, 140.89992, 141.49992, 142.79993]
192.168.1.116 -- [1.2, 1.2, 1.2, 1.2, 1.2, 1.2, 1.2, 1.2, 1.2, 1.2, 1.2, 1.2, 1.2, 1.2, 1.2, 1.2, 1.2, 1.2, 1.2, 1.2, 1.2, 1.2, 1.2, 1.2, 1.2, 2.6000001, 3.2000003, 3.8000002, 21.700003, 23.500004, 26.900007, 42.700012, 50.300014, 58.600018, 59.200016, 59.800014, 60.400013, 65.000015, 68.200005, 68.8, 70.6, 72.399994, 72.99999, 74.79999, 76.09998, 76.69998, 77.99998, 90.799965, 91.39996, 91.99996, 93.999954, 96.49995, 98.49994, 105.89991, 108.3999, 108.9999, 109.5999, 110.1999, 110.7999, 111.399895, 111.99989, 114.69988]


Total Power Used: 581.5996

Total Messages Passed: 346

==== FINAL PROCESS STATS ====
Data:   192.168.1.115
WCET:   2798
Frequency:  10982
Utilization:  0.25478056
Scheduled: 7
Pre-Empted: 0

Data:   192.168.1.127
WCET:   1017
Frequency:  12607
Utilization:  0.08066947
Scheduled: 5
Pre-Empted: 0

Data:   192.168.1.104
WCET:   2645
Frequency:  12287
Utilization:  0.21526816
Scheduled: 4
Pre-Empted: 0

Data:   192.168.1.116
WCET:   1766
Frequency:  14348
Utilization:  0.12308335
Scheduled: 4
Pre-Empted: 3

Ending: 192.168.1.127
Ending: 192.168.1.115
Ending: 192.168.1.104
Ending: 192.168.1.116

