OLVED ====
Board: puzzles/easy/3.puz
[2, 4, 5] [3, 8, 9] [7, 6, 1]
[7, 8, 1] [5, 2, 6] [9, 4, 3]
[9, 3, 6] [4, 7, 1] [2, 5, 8]

[5, 2, 7] [9, 4, 8] [3, 1, 6]
[3, 1, 4] [6, 5, 2] [8, 9, 7]
[6, 9, 8] [1, 3, 7] [5, 2, 4]

[4, 7, 3] [2, 1, 5] [6, 8, 9]
[1, 5, 9] [8, 6, 3] [4, 7, 2]
[8, 6, 2] [7, 9, 4] [1, 3, 5]


Power Usage History:

192.168.1.104 -- [1.2, 1.2, 1.2, 1.2, 1.2, 1.2, 2.6000001, 5.3, 8.0, 10.7, 13.4, 16.1, 18.800001, 21.500002, 24.200003, 27.600004, 46.300007, 49.000008, 51.70001, 54.40001, 57.10001, 59.80001, 62.50001, 65.20001, 67.90001, 70.600006, 73.3, 76.0, 78.7, 81.399994, 84.09999, 87.499985, 106.19998, 108.89998, 111.599976, 114.29997, 116.99997, 119.69997, 122.39996, 125.09996, 127.79996, 130.49995, 133.19995, 135.89995, 138.59995, 141.29994, 143.99994, 147.39993, 165.39993, 184.09993, 186.79993, 189.49992, 192.19992, 194.89992, 197.59991, 200.29991, 202.99991, 205.6999, 208.3999, 211.0999, 213.7999, 216.4999, 219.19989, 222.59988]


Total Power Used: 240.59988

Total Messages Passed: 1

==== FINAL PROCESS STATS ====
Data:   192.168.1.104
WCET:   1277
Frequency:  16258
Utilization:  0.07854594
Scheduled: 4
Pre-Empted: 0

Ending: 192.168.1.104

