==== SOLVED ====
Board: puzzles/easy/3.puz
[2, 4, 5] [3, 8, 9] [7, 6, 1]
[7, 8, 1] [5, 2, 6] [9, 4, 3]
[9, 3, 6] [4, 7, 1] [2, 5, 8]

[5, 2, 7] [9, 4, 8] [3, 1, 6]
[3, 1, 4] [6, 5, 2] [8, 9, 7]
[6, 9, 8] [1, 3, 7] [5, 2, 4]

[4, 7, 3] [2, 1, 5] [6, 8, 9]
[1, 5, 9] [8, 6, 3] [4, 7, 2]
[8, 6, 2] [7, 9, 4] [1, 3, 5]


Power Usage History:

192.168.1.127 -- [1.2, 1.2, 1.2, 1.2, 1.2, 1.2, 1.2, 1.2, 1.2, 52.40003, 88.29994, 118.49988, 140.99985]
192.168.1.104 -- [1.2, 1.2, 1.2, 1.2, 1.2, 1.2, 1.2, 1.2, 1.2, 1.2, 20.6, 75.59999, 110.199936, 141.19989]


Total Power Used: 307.19974

Total Messages Passed: 196

Ending: 192.168.1.104
Ending: 192.168.1.127
